0,1,2,33,34,66,
0,1,2,3,33,34,35,67,
0,1,2,3,4,34,35,36,68,
1,2,3,4,5,35,36,37,69,
2,3,4,5,6,36,37,38,70,
3,4,5,6,7,37,38,39,71,
4,5,6,7,8,38,39,40,72,
5,6,7,8,9,39,40,41,73,
6,7,8,9,10,40,41,42,74,
7,8,9,10,11,41,42,43,75,
8,9,10,11,12,42,43,44,76,
9,10,11,12,13,43,44,45,77,
10,11,12,13,14,44,45,46,78,
11,12,13,14,15,45,46,47,79,
12,13,14,15,16,46,47,48,80,
13,14,15,16,17,47,48,49,81,
14,15,16,17,18,48,49,50,82,
15,16,17,18,19,49,50,51,83,
16,17,18,19,20,50,51,52,84,
17,18,19,20,21,51,52,53,85,
18,19,20,21,22,52,53,54,86,
19,20,21,22,23,53,54,55,87,
20,21,22,23,24,54,55,56,88,
21,22,23,24,25,55,56,57,89,
22,23,24,25,26,56,57,58,90,
23,24,25,26,27,57,58,59,91,
24,25,26,27,28,58,59,60,92,
25,26,27,28,29,59,60,61,93,
26,27,28,29,30,60,61,62,94,
27,28,29,30,31,61,62,63,95,
28,29,30,31,32,62,63,64,96,
29,30,31,32,63,64,65,97,
30,31,32,64,65,98,
0,1,33,34,35,66,67,99,
0,1,2,33,34,35,36,66,67,68,100,
1,2,3,33,34,35,36,37,67,68,69,101,
2,3,4,34,35,36,37,38,68,69,70,102,
3,4,5,35,36,37,38,39,69,70,71,103,
4,5,6,36,37,38,39,40,70,71,72,104,
5,6,7,37,38,39,40,41,71,72,73,105,
6,7,8,38,39,40,41,42,72,73,74,106,
7,8,9,39,40,41,42,43,73,74,75,107,
8,9,10,40,41,42,43,44,74,75,76,108,
9,10,11,41,42,43,44,45,75,76,77,109,
10,11,12,42,43,44,45,46,76,77,78,110,
11,12,13,43,44,45,46,47,77,78,79,111,
12,13,14,44,45,46,47,48,78,79,80,112,
13,14,15,45,46,47,48,49,79,80,81,113,
14,15,16,46,47,48,49,50,80,81,82,114,
15,16,17,47,48,49,50,51,81,82,83,115,
16,17,18,48,49,50,51,52,82,83,84,116,
17,18,19,49,50,51,52,53,83,84,85,117,
18,19,20,50,51,52,53,54,84,85,86,118,
19,20,21,51,52,53,54,55,85,86,87,119,
20,21,22,52,53,54,55,56,86,87,88,120,
21,22,23,53,54,55,56,57,87,88,89,121,
22,23,24,54,55,56,57,58,88,89,90,122,
23,24,25,55,56,57,58,59,89,90,91,123,
24,25,26,56,57,58,59,60,90,91,92,124,
25,26,27,57,58,59,60,61,91,92,93,125,
26,27,28,58,59,60,61,62,92,93,94,126,
27,28,29,59,60,61,62,63,93,94,95,127,
28,29,30,60,61,62,63,64,94,95,96,128,
29,30,31,61,62,63,64,65,95,96,97,129,
30,31,32,62,63,64,65,96,97,98,130,
31,32,63,64,65,97,98,131,
0,33,34,66,67,68,99,100,132,
1,33,34,35,66,67,68,69,99,100,101,133,
2,34,35,36,66,67,68,69,70,100,101,102,134,
3,35,36,37,67,68,69,70,71,101,102,103,135,
4,36,37,38,68,69,70,71,72,102,103,104,136,
5,37,38,39,69,70,71,72,73,103,104,105,137,
6,38,39,40,70,71,72,73,74,104,105,106,138,
7,39,40,41,71,72,73,74,75,105,106,107,139,
8,40,41,42,72,73,74,75,76,106,107,108,140,
9,41,42,43,73,74,75,76,77,107,108,109,141,
10,42,43,44,74,75,76,77,78,108,109,110,142,
11,43,44,45,75,76,77,78,79,109,110,111,143,
12,44,45,46,76,77,78,79,80,110,111,112,144,
13,45,46,47,77,78,79,80,81,111,112,113,145,
14,46,47,48,78,79,80,81,82,112,113,114,146,
15,47,48,49,79,80,81,82,83,113,114,115,147,
16,48,49,50,80,81,82,83,84,114,115,116,148,
17,49,50,51,81,82,83,84,85,115,116,117,149,
18,50,51,52,82,83,84,85,86,116,117,118,150,
19,51,52,53,83,84,85,86,87,117,118,119,151,
20,52,53,54,84,85,86,87,88,118,119,120,152,
21,53,54,55,85,86,87,88,89,119,120,121,153,
22,54,55,56,86,87,88,89,90,120,121,122,154,
23,55,56,57,87,88,89,90,91,121,122,123,155,
24,56,57,58,88,89,90,91,92,122,123,124,156,
25,57,58,59,89,90,91,92,93,123,124,125,157,
26,58,59,60,90,91,92,93,94,124,125,126,158,
27,59,60,61,91,92,93,94,95,125,126,127,159,
28,60,61,62,92,93,94,95,96,126,127,128,160,
29,61,62,63,93,94,95,96,97,127,128,129,161,
30,62,63,64,94,95,96,97,98,128,129,130,162,
31,63,64,65,95,96,97,98,129,130,131,163,
32,64,65,96,97,98,130,131,164,
33,66,67,99,100,101,132,133,165,
34,66,67,68,99,100,101,102,132,133,134,166,
35,67,68,69,99,100,101,102,103,133,134,135,167,
36,68,69,70,100,101,102,103,104,134,135,136,168,
37,69,70,71,101,102,103,104,105,135,136,137,169,
38,70,71,72,102,103,104,105,106,136,137,138,170,
39,71,72,73,103,104,105,106,107,137,138,139,171,
40,72,73,74,104,105,106,107,108,138,139,140,172,
41,73,74,75,105,106,107,108,109,139,140,141,173,
42,74,75,76,106,107,108,109,110,140,141,142,174,
43,75,76,77,107,108,109,110,111,141,142,143,175,
44,76,77,78,108,109,110,111,112,142,143,144,176,
45,77,78,79,109,110,111,112,113,143,144,145,177,
46,78,79,80,110,111,112,113,114,144,145,146,178,
47,79,80,81,111,112,113,114,115,145,146,147,179,
48,80,81,82,112,113,114,115,116,146,147,148,180,
49,81,82,83,113,114,115,116,117,147,148,149,181,
50,82,83,84,114,115,116,117,118,148,149,150,182,
51,83,84,85,115,116,117,118,119,149,150,151,183,
52,84,85,86,116,117,118,119,120,150,151,152,184,
53,85,86,87,117,118,119,120,121,151,152,153,185,
54,86,87,88,118,119,120,121,122,152,153,154,186,
55,87,88,89,119,120,121,122,123,153,154,155,187,
56,88,89,90,120,121,122,123,124,154,155,156,188,
57,89,90,91,121,122,123,124,125,155,156,157,189,
58,90,91,92,122,123,124,125,126,156,157,158,190,
59,91,92,93,123,124,125,126,127,157,158,159,191,
60,92,93,94,124,125,126,127,128,158,159,160,192,
61,93,94,95,125,126,127,128,129,159,160,161,193,
62,94,95,96,126,127,128,129,130,160,161,162,194,
63,95,96,97,127,128,129,130,131,161,162,163,195,
64,96,97,98,128,129,130,131,162,163,164,196,
65,97,98,129,130,131,163,164,197,
66,99,100,132,133,134,165,166,198,
67,99,100,101,132,133,134,135,165,166,167,199,
68,100,101,102,132,133,134,135,136,166,167,168,200,
69,101,102,103,133,134,135,136,137,167,168,169,201,
70,102,103,104,134,135,136,137,138,168,169,170,202,
71,103,104,105,135,136,137,138,139,169,170,171,203,
72,104,105,106,136,137,138,139,140,170,171,172,204,
73,105,106,107,137,138,139,140,141,171,172,173,205,
74,106,107,108,138,139,140,141,142,172,173,174,206,
75,107,108,109,139,140,141,142,143,173,174,175,207,
76,108,109,110,140,141,142,143,144,174,175,176,208,
77,109,110,111,141,142,143,144,145,175,176,177,209,
78,110,111,112,142,143,144,145,146,176,177,178,210,
79,111,112,113,143,144,145,146,147,177,178,179,211,
80,112,113,114,144,145,146,147,148,178,179,180,212,
81,113,114,115,145,146,147,148,149,179,180,181,213,
82,114,115,116,146,147,148,149,150,180,181,182,214,
83,115,116,117,147,148,149,150,151,181,182,183,215,
84,116,117,118,148,149,150,151,152,182,183,184,216,
85,117,118,119,149,150,151,152,153,183,184,185,217,
86,118,119,120,150,151,152,153,154,184,185,186,218,
87,119,120,121,151,152,153,154,155,185,186,187,219,
88,120,121,122,152,153,154,155,156,186,187,188,220,
89,121,122,123,153,154,155,156,157,187,188,189,221,
90,122,123,124,154,155,156,157,158,188,189,190,222,
91,123,124,125,155,156,157,158,159,189,190,191,223,
92,124,125,126,156,157,158,159,160,190,191,192,224,
93,125,126,127,157,158,159,160,161,191,192,193,225,
94,126,127,128,158,159,160,161,162,192,193,194,226,
95,127,128,129,159,160,161,162,163,193,194,195,227,
96,128,129,130,160,161,162,163,164,194,195,196,228,
97,129,130,131,161,162,163,164,195,196,197,229,
98,130,131,162,163,164,196,197,230,
99,132,133,165,166,167,198,199,231,
100,132,133,134,165,166,167,168,198,199,200,232,
101,133,134,135,165,166,167,168,169,199,200,201,233,
102,134,135,136,166,167,168,169,170,200,201,202,234,
103,135,136,137,167,168,169,170,171,201,202,203,235,
104,136,137,138,168,169,170,171,172,202,203,204,236,
105,137,138,139,169,170,171,172,173,203,204,205,237,
106,138,139,140,170,171,172,173,174,204,205,206,238,
107,139,140,141,171,172,173,174,175,205,206,207,239,
108,140,141,142,172,173,174,175,176,206,207,208,240,
109,141,142,143,173,174,175,176,177,207,208,209,241,
110,142,143,144,174,175,176,177,178,208,209,210,242,
111,143,144,145,175,176,177,178,179,209,210,211,243,
112,144,145,146,176,177,178,179,180,210,211,212,244,
113,145,146,147,177,178,179,180,181,211,212,213,245,
114,146,147,148,178,179,180,181,182,212,213,214,246,
115,147,148,149,179,180,181,182,183,213,214,215,247,
116,148,149,150,180,181,182,183,184,214,215,216,248,
117,149,150,151,181,182,183,184,185,215,216,217,249,
118,150,151,152,182,183,184,185,186,216,217,218,250,
119,151,152,153,183,184,185,186,187,217,218,219,251,
120,152,153,154,184,185,186,187,188,218,219,220,252,
121,153,154,155,185,186,187,188,189,219,220,221,253,
122,154,155,156,186,187,188,189,190,220,221,222,254,
123,155,156,157,187,188,189,190,191,221,222,223,255,
124,156,157,158,188,189,190,191,192,222,223,224,256,
125,157,158,159,189,190,191,192,193,223,224,225,257,
126,158,159,160,190,191,192,193,194,224,225,226,258,
127,159,160,161,191,192,193,194,195,225,226,227,259,
128,160,161,162,192,193,194,195,196,226,227,228,260,
129,161,162,163,193,194,195,196,197,227,228,229,261,
130,162,163,164,194,195,196,197,228,229,230,262,
131,163,164,195,196,197,229,230,263,
132,165,166,198,199,200,231,232,264,
133,165,166,167,198,199,200,201,231,232,233,265,
134,166,167,168,198,199,200,201,202,232,233,234,266,
135,167,168,169,199,200,201,202,203,233,234,235,267,
136,168,169,170,200,201,202,203,204,234,235,236,268,
137,169,170,171,201,202,203,204,205,235,236,237,269,
138,170,171,172,202,203,204,205,206,236,237,238,270,
139,171,172,173,203,204,205,206,207,237,238,239,271,
140,172,173,174,204,205,206,207,208,238,239,240,272,
141,173,174,175,205,206,207,208,209,239,240,241,273,
142,174,175,176,206,207,208,209,210,240,241,242,274,
143,175,176,177,207,208,209,210,211,241,242,243,275,
144,176,177,178,208,209,210,211,212,242,243,244,276,
145,177,178,179,209,210,211,212,213,243,244,245,277,
146,178,179,180,210,211,212,213,214,244,245,246,278,
147,179,180,181,211,212,213,214,215,245,246,247,279,
148,180,181,182,212,213,214,215,216,246,247,248,280,
149,181,182,183,213,214,215,216,217,247,248,249,281,
150,182,183,184,214,215,216,217,218,248,249,250,282,
151,183,184,185,215,216,217,218,219,249,250,251,283,
152,184,185,186,216,217,218,219,220,250,251,252,284,
153,185,186,187,217,218,219,220,221,251,252,253,285,
154,186,187,188,218,219,220,221,222,252,253,254,286,
155,187,188,189,219,220,221,222,223,253,254,255,287,
156,188,189,190,220,221,222,223,224,254,255,256,288,
157,189,190,191,221,222,223,224,225,255,256,257,289,
158,190,191,192,222,223,224,225,226,256,257,258,290,
159,191,192,193,223,224,225,226,227,257,258,259,291,
160,192,193,194,224,225,226,227,228,258,259,260,292,
161,193,194,195,225,226,227,228,229,259,260,261,293,
162,194,195,196,226,227,228,229,230,260,261,262,294,
163,195,196,197,227,228,229,230,261,262,263,295,
164,196,197,228,229,230,262,263,296,
165,198,199,231,232,233,264,265,297,
166,198,199,200,231,232,233,234,264,265,266,298,
167,199,200,201,231,232,233,234,235,265,266,267,299,
168,200,201,202,232,233,234,235,236,266,267,268,300,
169,201,202,203,233,234,235,236,237,267,268,269,301,
170,202,203,204,234,235,236,237,238,268,269,270,302,
171,203,204,205,235,236,237,238,239,269,270,271,303,
172,204,205,206,236,237,238,239,240,270,271,272,304,
173,205,206,207,237,238,239,240,241,271,272,273,305,
174,206,207,208,238,239,240,241,242,272,273,274,306,
175,207,208,209,239,240,241,242,243,273,274,275,307,
176,208,209,210,240,241,242,243,244,274,275,276,308,
177,209,210,211,241,242,243,244,245,275,276,277,309,
178,210,211,212,242,243,244,245,246,276,277,278,310,
179,211,212,213,243,244,245,246,247,277,278,279,311,
180,212,213,214,244,245,246,247,248,278,279,280,312,
181,213,214,215,245,246,247,248,249,279,280,281,313,
182,214,215,216,246,247,248,249,250,280,281,282,314,
183,215,216,217,247,248,249,250,251,281,282,283,315,
184,216,217,218,248,249,250,251,252,282,283,284,316,
185,217,218,219,249,250,251,252,253,283,284,285,317,
186,218,219,220,250,251,252,253,254,284,285,286,318,
187,219,220,221,251,252,253,254,255,285,286,287,319,
188,220,221,222,252,253,254,255,256,286,287,288,320,
189,221,222,223,253,254,255,256,257,287,288,289,321,
190,222,223,224,254,255,256,257,258,288,289,290,322,
191,223,224,225,255,256,257,258,259,289,290,291,323,
192,224,225,226,256,257,258,259,260,290,291,292,324,
193,225,226,227,257,258,259,260,261,291,292,293,325,
194,226,227,228,258,259,260,261,262,292,293,294,326,
195,227,228,229,259,260,261,262,263,293,294,295,327,
196,228,229,230,260,261,262,263,294,295,296,328,
197,229,230,261,262,263,295,296,329,
198,231,232,264,265,266,297,298,330,
199,231,232,233,264,265,266,267,297,298,299,331,
200,232,233,234,264,265,266,267,268,298,299,300,332,
201,233,234,235,265,266,267,268,269,299,300,301,333,
202,234,235,236,266,267,268,269,270,300,301,302,334,
203,235,236,237,267,268,269,270,271,301,302,303,335,
204,236,237,238,268,269,270,271,272,302,303,304,336,
205,237,238,239,269,270,271,272,273,303,304,305,337,
206,238,239,240,270,271,272,273,274,304,305,306,338,
207,239,240,241,271,272,273,274,275,305,306,307,339,
208,240,241,242,272,273,274,275,276,306,307,308,340,
209,241,242,243,273,274,275,276,277,307,308,309,341,
210,242,243,244,274,275,276,277,278,308,309,310,342,
211,243,244,245,275,276,277,278,279,309,310,311,343,
212,244,245,246,276,277,278,279,280,310,311,312,344,
213,245,246,247,277,278,279,280,281,311,312,313,345,
214,246,247,248,278,279,280,281,282,312,313,314,346,
215,247,248,249,279,280,281,282,283,313,314,315,347,
216,248,249,250,280,281,282,283,284,314,315,316,348,
217,249,250,251,281,282,283,284,285,315,316,317,349,
218,250,251,252,282,283,284,285,286,316,317,318,350,
219,251,252,253,283,284,285,286,287,317,318,319,351,
220,252,253,254,284,285,286,287,288,318,319,320,352,
221,253,254,255,285,286,287,288,289,319,320,321,353,
222,254,255,256,286,287,288,289,290,320,321,322,354,
223,255,256,257,287,288,289,290,291,321,322,323,355,
224,256,257,258,288,289,290,291,292,322,323,324,356,
225,257,258,259,289,290,291,292,293,323,324,325,357,
226,258,259,260,290,291,292,293,294,324,325,326,358,
227,259,260,261,291,292,293,294,295,325,326,327,359,
228,260,261,262,292,293,294,295,296,326,327,328,360,
229,261,262,263,293,294,295,296,327,328,329,361,
230,262,263,294,295,296,328,329,362,
231,264,265,297,298,299,330,331,363,
232,264,265,266,297,298,299,300,330,331,332,364,
233,265,266,267,297,298,299,300,301,331,332,333,365,
234,266,267,268,298,299,300,301,302,332,333,334,366,
235,267,268,269,299,300,301,302,303,333,334,335,367,
236,268,269,270,300,301,302,303,304,334,335,336,368,
237,269,270,271,301,302,303,304,305,335,336,337,369,
238,270,271,272,302,303,304,305,306,336,337,338,370,
239,271,272,273,303,304,305,306,307,337,338,339,371,
240,272,273,274,304,305,306,307,308,338,339,340,372,
241,273,274,275,305,306,307,308,309,339,340,341,373,
242,274,275,276,306,307,308,309,310,340,341,342,374,
243,275,276,277,307,308,309,310,311,341,342,343,375,
244,276,277,278,308,309,310,311,312,342,343,344,376,
245,277,278,279,309,310,311,312,313,343,344,345,377,
246,278,279,280,310,311,312,313,314,344,345,346,378,
247,279,280,281,311,312,313,314,315,345,346,347,379,
248,280,281,282,312,313,314,315,316,346,347,348,380,
249,281,282,283,313,314,315,316,317,347,348,349,381,
250,282,283,284,314,315,316,317,318,348,349,350,382,
251,283,284,285,315,316,317,318,319,349,350,351,383,
252,284,285,286,316,317,318,319,320,350,351,352,384,
253,285,286,287,317,318,319,320,321,351,352,353,385,
254,286,287,288,318,319,320,321,322,352,353,354,386,
255,287,288,289,319,320,321,322,323,353,354,355,387,
256,288,289,290,320,321,322,323,324,354,355,356,388,
257,289,290,291,321,322,323,324,325,355,356,357,389,
258,290,291,292,322,323,324,325,326,356,357,358,390,
259,291,292,293,323,324,325,326,327,357,358,359,391,
260,292,293,294,324,325,326,327,328,358,359,360,392,
261,293,294,295,325,326,327,328,329,359,360,361,393,
262,294,295,296,326,327,328,329,360,361,362,394,
263,295,296,327,328,329,361,362,395,
264,297,298,330,331,332,363,364,396,
265,297,298,299,330,331,332,333,363,364,365,397,
266,298,299,300,330,331,332,333,334,364,365,366,398,
267,299,300,301,331,332,333,334,335,365,366,367,399,
268,300,301,302,332,333,334,335,336,366,367,368,400,
269,301,302,303,333,334,335,336,337,367,368,369,401,
270,302,303,304,334,335,336,337,338,368,369,370,402,
271,303,304,305,335,336,337,338,339,369,370,371,403,
272,304,305,306,336,337,338,339,340,370,371,372,404,
273,305,306,307,337,338,339,340,341,371,372,373,405,
274,306,307,308,338,339,340,341,342,372,373,374,406,
275,307,308,309,339,340,341,342,343,373,374,375,407,
276,308,309,310,340,341,342,343,344,374,375,376,408,
277,309,310,311,341,342,343,344,345,375,376,377,409,
278,310,311,312,342,343,344,345,346,376,377,378,410,
279,311,312,313,343,344,345,346,347,377,378,379,411,
280,312,313,314,344,345,346,347,348,378,379,380,412,
281,313,314,315,345,346,347,348,349,379,380,381,413,
282,314,315,316,346,347,348,349,350,380,381,382,414,
283,315,316,317,347,348,349,350,351,381,382,383,415,
284,316,317,318,348,349,350,351,352,382,383,384,416,
285,317,318,319,349,350,351,352,353,383,384,385,417,
286,318,319,320,350,351,352,353,354,384,385,386,418,
287,319,320,321,351,352,353,354,355,385,386,387,419,
288,320,321,322,352,353,354,355,356,386,387,388,420,
289,321,322,323,353,354,355,356,357,387,388,389,421,
290,322,323,324,354,355,356,357,358,388,389,390,422,
291,323,324,325,355,356,357,358,359,389,390,391,423,
292,324,325,326,356,357,358,359,360,390,391,392,424,
293,325,326,327,357,358,359,360,361,391,392,393,425,
294,326,327,328,358,359,360,361,362,392,393,394,426,
295,327,328,329,359,360,361,362,393,394,395,427,
296,328,329,360,361,362,394,395,428,
297,330,331,363,364,365,396,397,429,
298,330,331,332,363,364,365,366,396,397,398,430,
299,331,332,333,363,364,365,366,367,397,398,399,431,
300,332,333,334,364,365,366,367,368,398,399,400,432,
301,333,334,335,365,366,367,368,369,399,400,401,433,
302,334,335,336,366,367,368,369,370,400,401,402,434,
303,335,336,337,367,368,369,370,371,401,402,403,435,
304,336,337,338,368,369,370,371,372,402,403,404,436,
305,337,338,339,369,370,371,372,373,403,404,405,437,
306,338,339,340,370,371,372,373,374,404,405,406,438,
307,339,340,341,371,372,373,374,375,405,406,407,439,
308,340,341,342,372,373,374,375,376,406,407,408,440,
309,341,342,343,373,374,375,376,377,407,408,409,441,
310,342,343,344,374,375,376,377,378,408,409,410,442,
311,343,344,345,375,376,377,378,379,409,410,411,443,
312,344,345,346,376,377,378,379,380,410,411,412,444,
313,345,346,347,377,378,379,380,381,411,412,413,445,
314,346,347,348,378,379,380,381,382,412,413,414,446,
315,347,348,349,379,380,381,382,383,413,414,415,447,
316,348,349,350,380,381,382,383,384,414,415,416,448,
317,349,350,351,381,382,383,384,385,415,416,417,449,
318,350,351,352,382,383,384,385,386,416,417,418,450,
319,351,352,353,383,384,385,386,387,417,418,419,451,
320,352,353,354,384,385,386,387,388,418,419,420,452,
321,353,354,355,385,386,387,388,389,419,420,421,453,
322,354,355,356,386,387,388,389,390,420,421,422,454,
323,355,356,357,387,388,389,390,391,421,422,423,455,
324,356,357,358,388,389,390,391,392,422,423,424,456,
325,357,358,359,389,390,391,392,393,423,424,425,457,
326,358,359,360,390,391,392,393,394,424,425,426,458,
327,359,360,361,391,392,393,394,395,425,426,427,459,
328,360,361,362,392,393,394,395,426,427,428,460,
329,361,362,393,394,395,427,428,461,
330,363,364,396,397,398,429,430,462,
331,363,364,365,396,397,398,399,429,430,431,463,
332,364,365,366,396,397,398,399,400,430,431,432,464,
333,365,366,367,397,398,399,400,401,431,432,433,465,
334,366,367,368,398,399,400,401,402,432,433,434,466,
335,367,368,369,399,400,401,402,403,433,434,435,467,
336,368,369,370,400,401,402,403,404,434,435,436,468,
337,369,370,371,401,402,403,404,405,435,436,437,469,
338,370,371,372,402,403,404,405,406,436,437,438,470,
339,371,372,373,403,404,405,406,407,437,438,439,471,
340,372,373,374,404,405,406,407,408,438,439,440,472,
341,373,374,375,405,406,407,408,409,439,440,441,473,
342,374,375,376,406,407,408,409,410,440,441,442,474,
343,375,376,377,407,408,409,410,411,441,442,443,475,
344,376,377,378,408,409,410,411,412,442,443,444,476,
345,377,378,379,409,410,411,412,413,443,444,445,477,
346,378,379,380,410,411,412,413,414,444,445,446,478,
347,379,380,381,411,412,413,414,415,445,446,447,479,
348,380,381,382,412,413,414,415,416,446,447,448,480,
349,381,382,383,413,414,415,416,417,447,448,449,481,
350,382,383,384,414,415,416,417,418,448,449,450,482,
351,383,384,385,415,416,417,418,419,449,450,451,483,
352,384,385,386,416,417,418,419,420,450,451,452,484,
353,385,386,387,417,418,419,420,421,451,452,453,485,
354,386,387,388,418,419,420,421,422,452,453,454,486,
355,387,388,389,419,420,421,422,423,453,454,455,487,
356,388,389,390,420,421,422,423,424,454,455,456,488,
357,389,390,391,421,422,423,424,425,455,456,457,489,
358,390,391,392,422,423,424,425,426,456,457,458,490,
359,391,392,393,423,424,425,426,427,457,458,459,491,
360,392,393,394,424,425,426,427,428,458,459,460,492,
361,393,394,395,425,426,427,428,459,460,461,493,
362,394,395,426,427,428,460,461,494,
363,396,397,429,430,431,462,463,495,
364,396,397,398,429,430,431,432,462,463,464,496,
365,397,398,399,429,430,431,432,433,463,464,465,497,
366,398,399,400,430,431,432,433,434,464,465,466,498,
367,399,400,401,431,432,433,434,435,465,466,467,499,
368,400,401,402,432,433,434,435,436,466,467,468,500,
369,401,402,403,433,434,435,436,437,467,468,469,501,
370,402,403,404,434,435,436,437,438,468,469,470,502,
371,403,404,405,435,436,437,438,439,469,470,471,503,
372,404,405,406,436,437,438,439,440,470,471,472,504,
373,405,406,407,437,438,439,440,441,471,472,473,505,
374,406,407,408,438,439,440,441,442,472,473,474,506,
375,407,408,409,439,440,441,442,443,473,474,475,507,
376,408,409,410,440,441,442,443,444,474,475,476,508,
377,409,410,411,441,442,443,444,445,475,476,477,509,
378,410,411,412,442,443,444,445,446,476,477,478,510,
379,411,412,413,443,444,445,446,447,477,478,479,511,
380,412,413,414,444,445,446,447,448,478,479,480,512,
381,413,414,415,445,446,447,448,449,479,480,481,513,
382,414,415,416,446,447,448,449,450,480,481,482,514,
383,415,416,417,447,448,449,450,451,481,482,483,515,
384,416,417,418,448,449,450,451,452,482,483,484,516,
385,417,418,419,449,450,451,452,453,483,484,485,517,
386,418,419,420,450,451,452,453,454,484,485,486,518,
387,419,420,421,451,452,453,454,455,485,486,487,519,
388,420,421,422,452,453,454,455,456,486,487,488,520,
389,421,422,423,453,454,455,456,457,487,488,489,521,
390,422,423,424,454,455,456,457,458,488,489,490,522,
391,423,424,425,455,456,457,458,459,489,490,491,523,
392,424,425,426,456,457,458,459,460,490,491,492,524,
393,425,426,427,457,458,459,460,461,491,492,493,525,
394,426,427,428,458,459,460,461,492,493,494,526,
395,427,428,459,460,461,493,494,527,
396,429,430,462,463,464,495,496,528,
397,429,430,431,462,463,464,465,495,496,497,529,
398,430,431,432,462,463,464,465,466,496,497,498,530,
399,431,432,433,463,464,465,466,467,497,498,499,531,
400,432,433,434,464,465,466,467,468,498,499,500,532,
401,433,434,435,465,466,467,468,469,499,500,501,533,
402,434,435,436,466,467,468,469,470,500,501,502,534,
403,435,436,437,467,468,469,470,471,501,502,503,535,
404,436,437,438,468,469,470,471,472,502,503,504,536,
405,437,438,439,469,470,471,472,473,503,504,505,537,
406,438,439,440,470,471,472,473,474,504,505,506,538,
407,439,440,441,471,472,473,474,475,505,506,507,539,
408,440,441,442,472,473,474,475,476,506,507,508,540,
409,441,442,443,473,474,475,476,477,507,508,509,541,
410,442,443,444,474,475,476,477,478,508,509,510,542,
411,443,444,445,475,476,477,478,479,509,510,511,543,
412,444,445,446,476,477,478,479,480,510,511,512,544,
413,445,446,447,477,478,479,480,481,511,512,513,545,
414,446,447,448,478,479,480,481,482,512,513,514,546,
415,447,448,449,479,480,481,482,483,513,514,515,547,
416,448,449,450,480,481,482,483,484,514,515,516,548,
417,449,450,451,481,482,483,484,485,515,516,517,549,
418,450,451,452,482,483,484,485,486,516,517,518,550,
419,451,452,453,483,484,485,486,487,517,518,519,551,
420,452,453,454,484,485,486,487,488,518,519,520,552,
421,453,454,455,485,486,487,488,489,519,520,521,553,
422,454,455,456,486,487,488,489,490,520,521,522,554,
423,455,456,457,487,488,489,490,491,521,522,523,555,
424,456,457,458,488,489,490,491,492,522,523,524,556,
425,457,458,459,489,490,491,492,493,523,524,525,557,
426,458,459,460,490,491,492,493,494,524,525,526,558,
427,459,460,461,491,492,493,494,525,526,527,559,
428,460,461,492,493,494,526,527,560,
429,462,463,495,496,497,528,529,561,
430,462,463,464,495,496,497,498,528,529,530,562,
431,463,464,465,495,496,497,498,499,529,530,531,563,
432,464,465,466,496,497,498,499,500,530,531,532,564,
433,465,466,467,497,498,499,500,501,531,532,533,565,
434,466,467,468,498,499,500,501,502,532,533,534,566,
435,467,468,469,499,500,501,502,503,533,534,535,567,
436,468,469,470,500,501,502,503,504,534,535,536,568,
437,469,470,471,501,502,503,504,505,535,536,537,569,
438,470,471,472,502,503,504,505,506,536,537,538,570,
439,471,472,473,503,504,505,506,507,537,538,539,571,
440,472,473,474,504,505,506,507,508,538,539,540,572,
441,473,474,475,505,506,507,508,509,539,540,541,573,
442,474,475,476,506,507,508,509,510,540,541,542,574,
443,475,476,477,507,508,509,510,511,541,542,543,575,
444,476,477,478,508,509,510,511,512,542,543,544,576,
445,477,478,479,509,510,511,512,513,543,544,545,577,
446,478,479,480,510,511,512,513,514,544,545,546,578,
447,479,480,481,511,512,513,514,515,545,546,547,579,
448,480,481,482,512,513,514,515,516,546,547,548,580,
449,481,482,483,513,514,515,516,517,547,548,549,581,
450,482,483,484,514,515,516,517,518,548,549,550,582,
451,483,484,485,515,516,517,518,519,549,550,551,583,
452,484,485,486,516,517,518,519,520,550,551,552,584,
453,485,486,487,517,518,519,520,521,551,552,553,585,
454,486,487,488,518,519,520,521,522,552,553,554,586,
455,487,488,489,519,520,521,522,523,553,554,555,587,
456,488,489,490,520,521,522,523,524,554,555,556,588,
457,489,490,491,521,522,523,524,525,555,556,557,589,
458,490,491,492,522,523,524,525,526,556,557,558,590,
459,491,492,493,523,524,525,526,527,557,558,559,591,
460,492,493,494,524,525,526,527,558,559,560,592,
461,493,494,525,526,527,559,560,593,
462,495,496,528,529,530,561,562,594,
463,495,496,497,528,529,530,531,561,562,563,595,
464,496,497,498,528,529,530,531,532,562,563,564,596,
465,497,498,499,529,530,531,532,533,563,564,565,597,
466,498,499,500,530,531,532,533,534,564,565,566,598,
467,499,500,501,531,532,533,534,535,565,566,567,599,
468,500,501,502,532,533,534,535,536,566,567,568,600,
469,501,502,503,533,534,535,536,537,567,568,569,601,
470,502,503,504,534,535,536,537,538,568,569,570,602,
471,503,504,505,535,536,537,538,539,569,570,571,603,
472,504,505,506,536,537,538,539,540,570,571,572,604,
473,505,506,507,537,538,539,540,541,571,572,573,605,
474,506,507,508,538,539,540,541,542,572,573,574,606,
475,507,508,509,539,540,541,542,543,573,574,575,607,
476,508,509,510,540,541,542,543,544,574,575,576,608,
477,509,510,511,541,542,543,544,545,575,576,577,609,
478,510,511,512,542,543,544,545,546,576,577,578,610,
479,511,512,513,543,544,545,546,547,577,578,579,611,
480,512,513,514,544,545,546,547,548,578,579,580,612,
481,513,514,515,545,546,547,548,549,579,580,581,613,
482,514,515,516,546,547,548,549,550,580,581,582,614,
483,515,516,517,547,548,549,550,551,581,582,583,615,
484,516,517,518,548,549,550,551,552,582,583,584,616,
485,517,518,519,549,550,551,552,553,583,584,585,617,
486,518,519,520,550,551,552,553,554,584,585,586,618,
487,519,520,521,551,552,553,554,555,585,586,587,619,
488,520,521,522,552,553,554,555,556,586,587,588,620,
489,521,522,523,553,554,555,556,557,587,588,589,621,
490,522,523,524,554,555,556,557,558,588,589,590,622,
491,523,524,525,555,556,557,558,559,589,590,591,623,
492,524,525,526,556,557,558,559,560,590,591,592,624,
493,525,526,527,557,558,559,560,591,592,593,625,
494,526,527,558,559,560,592,593,626,
495,528,529,561,562,563,594,595,627,
496,528,529,530,561,562,563,564,594,595,596,628,
497,529,530,531,561,562,563,564,565,595,596,597,629,
498,530,531,532,562,563,564,565,566,596,597,598,630,
499,531,532,533,563,564,565,566,567,597,598,599,631,
500,532,533,534,564,565,566,567,568,598,599,600,632,
501,533,534,535,565,566,567,568,569,599,600,601,633,
502,534,535,536,566,567,568,569,570,600,601,602,634,
503,535,536,537,567,568,569,570,571,601,602,603,635,
504,536,537,538,568,569,570,571,572,602,603,604,636,
505,537,538,539,569,570,571,572,573,603,604,605,637,
506,538,539,540,570,571,572,573,574,604,605,606,638,
507,539,540,541,571,572,573,574,575,605,606,607,639,
508,540,541,542,572,573,574,575,576,606,607,608,640,
509,541,542,543,573,574,575,576,577,607,608,609,641,
510,542,543,544,574,575,576,577,578,608,609,610,642,
511,543,544,545,575,576,577,578,579,609,610,611,643,
512,544,545,546,576,577,578,579,580,610,611,612,644,
513,545,546,547,577,578,579,580,581,611,612,613,645,
514,546,547,548,578,579,580,581,582,612,613,614,646,
515,547,548,549,579,580,581,582,583,613,614,615,647,
516,548,549,550,580,581,582,583,584,614,615,616,648,
517,549,550,551,581,582,583,584,585,615,616,617,649,
518,550,551,552,582,583,584,585,586,616,617,618,650,
519,551,552,553,583,584,585,586,587,617,618,619,651,
520,552,553,554,584,585,586,587,588,618,619,620,652,
521,553,554,555,585,586,587,588,589,619,620,621,653,
522,554,555,556,586,587,588,589,590,620,621,622,654,
523,555,556,557,587,588,589,590,591,621,622,623,655,
524,556,557,558,588,589,590,591,592,622,623,624,656,
525,557,558,559,589,590,591,592,593,623,624,625,657,
526,558,559,560,590,591,592,593,624,625,626,658,
527,559,560,591,592,593,625,626,659,
528,561,562,594,595,596,627,628,660,
529,561,562,563,594,595,596,597,627,628,629,661,
530,562,563,564,594,595,596,597,598,628,629,630,662,
531,563,564,565,595,596,597,598,599,629,630,631,663,
532,564,565,566,596,597,598,599,600,630,631,632,664,
533,565,566,567,597,598,599,600,601,631,632,633,665,
534,566,567,568,598,599,600,601,602,632,633,634,666,
535,567,568,569,599,600,601,602,603,633,634,635,667,
536,568,569,570,600,601,602,603,604,634,635,636,668,
537,569,570,571,601,602,603,604,605,635,636,637,669,
538,570,571,572,602,603,604,605,606,636,637,638,670,
539,571,572,573,603,604,605,606,607,637,638,639,671,
540,572,573,574,604,605,606,607,608,638,639,640,672,
541,573,574,575,605,606,607,608,609,639,640,641,673,
542,574,575,576,606,607,608,609,610,640,641,642,674,
543,575,576,577,607,608,609,610,611,641,642,643,675,
544,576,577,578,608,609,610,611,612,642,643,644,676,
545,577,578,579,609,610,611,612,613,643,644,645,677,
546,578,579,580,610,611,612,613,614,644,645,646,678,
547,579,580,581,611,612,613,614,615,645,646,647,679,
548,580,581,582,612,613,614,615,616,646,647,648,680,
549,581,582,583,613,614,615,616,617,647,648,649,681,
550,582,583,584,614,615,616,617,618,648,649,650,682,
551,583,584,585,615,616,617,618,619,649,650,651,683,
552,584,585,586,616,617,618,619,620,650,651,652,684,
553,585,586,587,617,618,619,620,621,651,652,653,685,
554,586,587,588,618,619,620,621,622,652,653,654,686,
555,587,588,589,619,620,621,622,623,653,654,655,687,
556,588,589,590,620,621,622,623,624,654,655,656,688,
557,589,590,591,621,622,623,624,625,655,656,657,689,
558,590,591,592,622,623,624,625,626,656,657,658,690,
559,591,592,593,623,624,625,626,657,658,659,691,
560,592,593,624,625,626,658,659,692,
561,594,595,627,628,629,660,661,693,
562,594,595,596,627,628,629,630,660,661,662,694,
563,595,596,597,627,628,629,630,631,661,662,663,695,
564,596,597,598,628,629,630,631,632,662,663,664,696,
565,597,598,599,629,630,631,632,633,663,664,665,697,
566,598,599,600,630,631,632,633,634,664,665,666,698,
567,599,600,601,631,632,633,634,635,665,666,667,699,
568,600,601,602,632,633,634,635,636,666,667,668,700,
569,601,602,603,633,634,635,636,637,667,668,669,701,
570,602,603,604,634,635,636,637,638,668,669,670,702,
571,603,604,605,635,636,637,638,639,669,670,671,703,
572,604,605,606,636,637,638,639,640,670,671,672,704,
573,605,606,607,637,638,639,640,641,671,672,673,705,
574,606,607,608,638,639,640,641,642,672,673,674,706,
575,607,608,609,639,640,641,642,643,673,674,675,707,
576,608,609,610,640,641,642,643,644,674,675,676,708,
577,609,610,611,641,642,643,644,645,675,676,677,709,
578,610,611,612,642,643,644,645,646,676,677,678,710,
579,611,612,613,643,644,645,646,647,677,678,679,711,
580,612,613,614,644,645,646,647,648,678,679,680,712,
581,613,614,615,645,646,647,648,649,679,680,681,713,
582,614,615,616,646,647,648,649,650,680,681,682,714,
583,615,616,617,647,648,649,650,651,681,682,683,715,
584,616,617,618,648,649,650,651,652,682,683,684,716,
585,617,618,619,649,650,651,652,653,683,684,685,717,
586,618,619,620,650,651,652,653,654,684,685,686,718,
587,619,620,621,651,652,653,654,655,685,686,687,719,
588,620,621,622,652,653,654,655,656,686,687,688,720,
589,621,622,623,653,654,655,656,657,687,688,689,721,
590,622,623,624,654,655,656,657,658,688,689,690,722,
591,623,624,625,655,656,657,658,659,689,690,691,723,
592,624,625,626,656,657,658,659,690,691,692,724,
593,625,626,657,658,659,691,692,725,
594,627,628,660,661,662,693,694,726,
595,627,628,629,660,661,662,663,693,694,695,727,
596,628,629,630,660,661,662,663,664,694,695,696,728,
597,629,630,631,661,662,663,664,665,695,696,697,729,
598,630,631,632,662,663,664,665,666,696,697,698,730,
599,631,632,633,663,664,665,666,667,697,698,699,731,
600,632,633,634,664,665,666,667,668,698,699,700,732,
601,633,634,635,665,666,667,668,669,699,700,701,733,
602,634,635,636,666,667,668,669,670,700,701,702,734,
603,635,636,637,667,668,669,670,671,701,702,703,735,
604,636,637,638,668,669,670,671,672,702,703,704,736,
605,637,638,639,669,670,671,672,673,703,704,705,737,
606,638,639,640,670,671,672,673,674,704,705,706,738,
607,639,640,641,671,672,673,674,675,705,706,707,739,
608,640,641,642,672,673,674,675,676,706,707,708,740,
609,641,642,643,673,674,675,676,677,707,708,709,741,
610,642,643,644,674,675,676,677,678,708,709,710,742,
611,643,644,645,675,676,677,678,679,709,710,711,743,
612,644,645,646,676,677,678,679,680,710,711,712,744,
613,645,646,647,677,678,679,680,681,711,712,713,745,
614,646,647,648,678,679,680,681,682,712,713,714,746,
615,647,648,649,679,680,681,682,683,713,714,715,747,
616,648,649,650,680,681,682,683,684,714,715,716,748,
617,649,650,651,681,682,683,684,685,715,716,717,749,
618,650,651,652,682,683,684,685,686,716,717,718,750,
619,651,652,653,683,684,685,686,687,717,718,719,751,
620,652,653,654,684,685,686,687,688,718,719,720,752,
621,653,654,655,685,686,687,688,689,719,720,721,753,
622,654,655,656,686,687,688,689,690,720,721,722,754,
623,655,656,657,687,688,689,690,691,721,722,723,755,
624,656,657,658,688,689,690,691,692,722,723,724,756,
625,657,658,659,689,690,691,692,723,724,725,757,
626,658,659,690,691,692,724,725,758,
627,660,661,693,694,695,726,727,759,
628,660,661,662,693,694,695,696,726,727,728,760,
629,661,662,663,693,694,695,696,697,727,728,729,761,
630,662,663,664,694,695,696,697,698,728,729,730,762,
631,663,664,665,695,696,697,698,699,729,730,731,763,
632,664,665,666,696,697,698,699,700,730,731,732,764,
633,665,666,667,697,698,699,700,701,731,732,733,765,
634,666,667,668,698,699,700,701,702,732,733,734,766,
635,667,668,669,699,700,701,702,703,733,734,735,767,
636,668,669,670,700,701,702,703,704,734,735,736,768,
637,669,670,671,701,702,703,704,705,735,736,737,769,
638,670,671,672,702,703,704,705,706,736,737,738,770,
639,671,672,673,703,704,705,706,707,737,738,739,771,
640,672,673,674,704,705,706,707,708,738,739,740,772,
641,673,674,675,705,706,707,708,709,739,740,741,773,
642,674,675,676,706,707,708,709,710,740,741,742,774,
643,675,676,677,707,708,709,710,711,741,742,743,775,
644,676,677,678,708,709,710,711,712,742,743,744,776,
645,677,678,679,709,710,711,712,713,743,744,745,777,
646,678,679,680,710,711,712,713,714,744,745,746,778,
647,679,680,681,711,712,713,714,715,745,746,747,779,
648,680,681,682,712,713,714,715,716,746,747,748,780,
649,681,682,683,713,714,715,716,717,747,748,749,781,
650,682,683,684,714,715,716,717,718,748,749,750,782,
651,683,684,685,715,716,717,718,719,749,750,751,783,
652,684,685,686,716,717,718,719,720,750,751,752,784,
653,685,686,687,717,718,719,720,721,751,752,753,785,
654,686,687,688,718,719,720,721,722,752,753,754,786,
655,687,688,689,719,720,721,722,723,753,754,755,787,
656,688,689,690,720,721,722,723,724,754,755,756,788,
657,689,690,691,721,722,723,724,725,755,756,757,789,
658,690,691,692,722,723,724,725,756,757,758,790,
659,691,692,723,724,725,757,758,791,
660,693,694,726,727,728,759,760,792,
661,693,694,695,726,727,728,729,759,760,761,793,
662,694,695,696,726,727,728,729,730,760,761,762,794,
663,695,696,697,727,728,729,730,731,761,762,763,795,
664,696,697,698,728,729,730,731,732,762,763,764,796,
665,697,698,699,729,730,731,732,733,763,764,765,797,
666,698,699,700,730,731,732,733,734,764,765,766,798,
667,699,700,701,731,732,733,734,735,765,766,767,799,
668,700,701,702,732,733,734,735,736,766,767,768,800,
669,701,702,703,733,734,735,736,737,767,768,769,801,
670,702,703,704,734,735,736,737,738,768,769,770,802,
671,703,704,705,735,736,737,738,739,769,770,771,803,
672,704,705,706,736,737,738,739,740,770,771,772,804,
673,705,706,707,737,738,739,740,741,771,772,773,805,
674,706,707,708,738,739,740,741,742,772,773,774,806,
675,707,708,709,739,740,741,742,743,773,774,775,807,
676,708,709,710,740,741,742,743,744,774,775,776,808,
677,709,710,711,741,742,743,744,745,775,776,777,809,
678,710,711,712,742,743,744,745,746,776,777,778,810,
679,711,712,713,743,744,745,746,747,777,778,779,811,
680,712,713,714,744,745,746,747,748,778,779,780,812,
681,713,714,715,745,746,747,748,749,779,780,781,813,
682,714,715,716,746,747,748,749,750,780,781,782,814,
683,715,716,717,747,748,749,750,751,781,782,783,815,
684,716,717,718,748,749,750,751,752,782,783,784,816,
685,717,718,719,749,750,751,752,753,783,784,785,817,
686,718,719,720,750,751,752,753,754,784,785,786,818,
687,719,720,721,751,752,753,754,755,785,786,787,819,
688,720,721,722,752,753,754,755,756,786,787,788,820,
689,721,722,723,753,754,755,756,757,787,788,789,821,
690,722,723,724,754,755,756,757,758,788,789,790,822,
691,723,724,725,755,756,757,758,789,790,791,823,
692,724,725,756,757,758,790,791,824,
693,726,727,759,760,761,792,793,825,
694,726,727,728,759,760,761,762,792,793,794,826,
695,727,728,729,759,760,761,762,763,793,794,795,827,
696,728,729,730,760,761,762,763,764,794,795,796,828,
697,729,730,731,761,762,763,764,765,795,796,797,829,
698,730,731,732,762,763,764,765,766,796,797,798,830,
699,731,732,733,763,764,765,766,767,797,798,799,831,
700,732,733,734,764,765,766,767,768,798,799,800,832,
701,733,734,735,765,766,767,768,769,799,800,801,833,
702,734,735,736,766,767,768,769,770,800,801,802,834,
703,735,736,737,767,768,769,770,771,801,802,803,835,
704,736,737,738,768,769,770,771,772,802,803,804,836,
705,737,738,739,769,770,771,772,773,803,804,805,837,
706,738,739,740,770,771,772,773,774,804,805,806,838,
707,739,740,741,771,772,773,774,775,805,806,807,839,
708,740,741,742,772,773,774,775,776,806,807,808,840,
709,741,742,743,773,774,775,776,777,807,808,809,841,
710,742,743,744,774,775,776,777,778,808,809,810,842,
711,743,744,745,775,776,777,778,779,809,810,811,843,
712,744,745,746,776,777,778,779,780,810,811,812,844,
713,745,746,747,777,778,779,780,781,811,812,813,845,
714,746,747,748,778,779,780,781,782,812,813,814,846,
715,747,748,749,779,780,781,782,783,813,814,815,847,
716,748,749,750,780,781,782,783,784,814,815,816,848,
717,749,750,751,781,782,783,784,785,815,816,817,849,
718,750,751,752,782,783,784,785,786,816,817,818,850,
719,751,752,753,783,784,785,786,787,817,818,819,851,
720,752,753,754,784,785,786,787,788,818,819,820,852,
721,753,754,755,785,786,787,788,789,819,820,821,853,
722,754,755,756,786,787,788,789,790,820,821,822,854,
723,755,756,757,787,788,789,790,791,821,822,823,855,
724,756,757,758,788,789,790,791,822,823,824,856,
725,757,758,789,790,791,823,824,857,
726,759,760,792,793,794,825,826,858,
727,759,760,761,792,793,794,795,825,826,827,859,
728,760,761,762,792,793,794,795,796,826,827,828,860,
729,761,762,763,793,794,795,796,797,827,828,829,861,
730,762,763,764,794,795,796,797,798,828,829,830,862,
731,763,764,765,795,796,797,798,799,829,830,831,863,
732,764,765,766,796,797,798,799,800,830,831,832,864,
733,765,766,767,797,798,799,800,801,831,832,833,865,
734,766,767,768,798,799,800,801,802,832,833,834,866,
735,767,768,769,799,800,801,802,803,833,834,835,867,
736,768,769,770,800,801,802,803,804,834,835,836,868,
737,769,770,771,801,802,803,804,805,835,836,837,869,
738,770,771,772,802,803,804,805,806,836,837,838,870,
739,771,772,773,803,804,805,806,807,837,838,839,871,
740,772,773,774,804,805,806,807,808,838,839,840,872,
741,773,774,775,805,806,807,808,809,839,840,841,873,
742,774,775,776,806,807,808,809,810,840,841,842,874,
743,775,776,777,807,808,809,810,811,841,842,843,875,
744,776,777,778,808,809,810,811,812,842,843,844,876,
745,777,778,779,809,810,811,812,813,843,844,845,877,
746,778,779,780,810,811,812,813,814,844,845,846,878,
747,779,780,781,811,812,813,814,815,845,846,847,879,
748,780,781,782,812,813,814,815,816,846,847,848,880,
749,781,782,783,813,814,815,816,817,847,848,849,881,
750,782,783,784,814,815,816,817,818,848,849,850,882,
751,783,784,785,815,816,817,818,819,849,850,851,883,
752,784,785,786,816,817,818,819,820,850,851,852,884,
753,785,786,787,817,818,819,820,821,851,852,853,885,
754,786,787,788,818,819,820,821,822,852,853,854,886,
755,787,788,789,819,820,821,822,823,853,854,855,887,
756,788,789,790,820,821,822,823,824,854,855,856,888,
757,789,790,791,821,822,823,824,855,856,857,889,
758,790,791,822,823,824,856,857,890,
759,792,793,825,826,827,858,859,891,
760,792,793,794,825,826,827,828,858,859,860,892,
761,793,794,795,825,826,827,828,829,859,860,861,893,
762,794,795,796,826,827,828,829,830,860,861,862,894,
763,795,796,797,827,828,829,830,831,861,862,863,895,
764,796,797,798,828,829,830,831,832,862,863,864,896,
765,797,798,799,829,830,831,832,833,863,864,865,897,
766,798,799,800,830,831,832,833,834,864,865,866,898,
767,799,800,801,831,832,833,834,835,865,866,867,899,
768,800,801,802,832,833,834,835,836,866,867,868,900,
769,801,802,803,833,834,835,836,837,867,868,869,901,
770,802,803,804,834,835,836,837,838,868,869,870,902,
771,803,804,805,835,836,837,838,839,869,870,871,903,
772,804,805,806,836,837,838,839,840,870,871,872,904,
773,805,806,807,837,838,839,840,841,871,872,873,905,
774,806,807,808,838,839,840,841,842,872,873,874,906,
775,807,808,809,839,840,841,842,843,873,874,875,907,
776,808,809,810,840,841,842,843,844,874,875,876,908,
777,809,810,811,841,842,843,844,845,875,876,877,909,
778,810,811,812,842,843,844,845,846,876,877,878,910,
779,811,812,813,843,844,845,846,847,877,878,879,911,
780,812,813,814,844,845,846,847,848,878,879,880,912,
781,813,814,815,845,846,847,848,849,879,880,881,913,
782,814,815,816,846,847,848,849,850,880,881,882,914,
783,815,816,817,847,848,849,850,851,881,882,883,915,
784,816,817,818,848,849,850,851,852,882,883,884,916,
785,817,818,819,849,850,851,852,853,883,884,885,917,
786,818,819,820,850,851,852,853,854,884,885,886,918,
787,819,820,821,851,852,853,854,855,885,886,887,919,
788,820,821,822,852,853,854,855,856,886,887,888,920,
789,821,822,823,853,854,855,856,857,887,888,889,921,
790,822,823,824,854,855,856,857,888,889,890,922,
791,823,824,855,856,857,889,890,923,
792,825,826,858,859,860,891,892,924,
793,825,826,827,858,859,860,861,891,892,893,925,
794,826,827,828,858,859,860,861,862,892,893,894,926,
795,827,828,829,859,860,861,862,863,893,894,895,927,
796,828,829,830,860,861,862,863,864,894,895,896,928,
797,829,830,831,861,862,863,864,865,895,896,897,929,
798,830,831,832,862,863,864,865,866,896,897,898,930,
799,831,832,833,863,864,865,866,867,897,898,899,931,
800,832,833,834,864,865,866,867,868,898,899,900,932,
801,833,834,835,865,866,867,868,869,899,900,901,933,
802,834,835,836,866,867,868,869,870,900,901,902,934,
803,835,836,837,867,868,869,870,871,901,902,903,935,
804,836,837,838,868,869,870,871,872,902,903,904,936,
805,837,838,839,869,870,871,872,873,903,904,905,937,
806,838,839,840,870,871,872,873,874,904,905,906,938,
807,839,840,841,871,872,873,874,875,905,906,907,939,
808,840,841,842,872,873,874,875,876,906,907,908,940,
809,841,842,843,873,874,875,876,877,907,908,909,941,
810,842,843,844,874,875,876,877,878,908,909,910,942,
811,843,844,845,875,876,877,878,879,909,910,911,943,
812,844,845,846,876,877,878,879,880,910,911,912,944,
813,845,846,847,877,878,879,880,881,911,912,913,945,
814,846,847,848,878,879,880,881,882,912,913,914,946,
815,847,848,849,879,880,881,882,883,913,914,915,947,
816,848,849,850,880,881,882,883,884,914,915,916,948,
817,849,850,851,881,882,883,884,885,915,916,917,949,
818,850,851,852,882,883,884,885,886,916,917,918,950,
819,851,852,853,883,884,885,886,887,917,918,919,951,
820,852,853,854,884,885,886,887,888,918,919,920,952,
821,853,854,855,885,886,887,888,889,919,920,921,953,
822,854,855,856,886,887,888,889,890,920,921,922,954,
823,855,856,857,887,888,889,890,921,922,923,955,
824,856,857,888,889,890,922,923,956,
825,858,859,891,892,893,924,925,957,
826,858,859,860,891,892,893,894,924,925,926,958,
827,859,860,861,891,892,893,894,895,925,926,927,959,
828,860,861,862,892,893,894,895,896,926,927,928,960,
829,861,862,863,893,894,895,896,897,927,928,929,961,
830,862,863,864,894,895,896,897,898,928,929,930,962,
831,863,864,865,895,896,897,898,899,929,930,931,963,
832,864,865,866,896,897,898,899,900,930,931,932,964,
833,865,866,867,897,898,899,900,901,931,932,933,965,
834,866,867,868,898,899,900,901,902,932,933,934,966,
835,867,868,869,899,900,901,902,903,933,934,935,967,
836,868,869,870,900,901,902,903,904,934,935,936,968,
837,869,870,871,901,902,903,904,905,935,936,937,969,
838,870,871,872,902,903,904,905,906,936,937,938,970,
839,871,872,873,903,904,905,906,907,937,938,939,971,
840,872,873,874,904,905,906,907,908,938,939,940,972,
841,873,874,875,905,906,907,908,909,939,940,941,973,
842,874,875,876,906,907,908,909,910,940,941,942,974,
843,875,876,877,907,908,909,910,911,941,942,943,975,
844,876,877,878,908,909,910,911,912,942,943,944,976,
845,877,878,879,909,910,911,912,913,943,944,945,977,
846,878,879,880,910,911,912,913,914,944,945,946,978,
847,879,880,881,911,912,913,914,915,945,946,947,979,
848,880,881,882,912,913,914,915,916,946,947,948,980,
849,881,882,883,913,914,915,916,917,947,948,949,981,
850,882,883,884,914,915,916,917,918,948,949,950,982,
851,883,884,885,915,916,917,918,919,949,950,951,983,
852,884,885,886,916,917,918,919,920,950,951,952,984,
853,885,886,887,917,918,919,920,921,951,952,953,985,
854,886,887,888,918,919,920,921,922,952,953,954,986,
855,887,888,889,919,920,921,922,923,953,954,955,987,
856,888,889,890,920,921,922,923,954,955,956,988,
857,889,890,921,922,923,955,956,989,
858,891,892,924,925,926,957,958,990,
859,891,892,893,924,925,926,927,957,958,959,991,
860,892,893,894,924,925,926,927,928,958,959,960,992,
861,893,894,895,925,926,927,928,929,959,960,961,993,
862,894,895,896,926,927,928,929,930,960,961,962,994,
863,895,896,897,927,928,929,930,931,961,962,963,995,
864,896,897,898,928,929,930,931,932,962,963,964,996,
865,897,898,899,929,930,931,932,933,963,964,965,997,
866,898,899,900,930,931,932,933,934,964,965,966,998,
867,899,900,901,931,932,933,934,935,965,966,967,999,
868,900,901,902,932,933,934,935,936,966,967,968,1000,
869,901,902,903,933,934,935,936,937,967,968,969,1001,
870,902,903,904,934,935,936,937,938,968,969,970,1002,
871,903,904,905,935,936,937,938,939,969,970,971,1003,
872,904,905,906,936,937,938,939,940,970,971,972,1004,
873,905,906,907,937,938,939,940,941,971,972,973,1005,
874,906,907,908,938,939,940,941,942,972,973,974,1006,
875,907,908,909,939,940,941,942,943,973,974,975,1007,
876,908,909,910,940,941,942,943,944,974,975,976,1008,
877,909,910,911,941,942,943,944,945,975,976,977,1009,
878,910,911,912,942,943,944,945,946,976,977,978,1010,
879,911,912,913,943,944,945,946,947,977,978,979,1011,
880,912,913,914,944,945,946,947,948,978,979,980,1012,
881,913,914,915,945,946,947,948,949,979,980,981,1013,
882,914,915,916,946,947,948,949,950,980,981,982,1014,
883,915,916,917,947,948,949,950,951,981,982,983,1015,
884,916,917,918,948,949,950,951,952,982,983,984,1016,
885,917,918,919,949,950,951,952,953,983,984,985,1017,
886,918,919,920,950,951,952,953,954,984,985,986,1018,
887,919,920,921,951,952,953,954,955,985,986,987,1019,
888,920,921,922,952,953,954,955,956,986,987,988,1020,
889,921,922,923,953,954,955,956,987,988,989,1021,
890,922,923,954,955,956,988,989,1022,
891,924,925,957,958,959,990,991,1023,
892,924,925,926,957,958,959,960,990,991,992,1024,
893,925,926,927,957,958,959,960,961,991,992,993,1025,
894,926,927,928,958,959,960,961,962,992,993,994,1026,
895,927,928,929,959,960,961,962,963,993,994,995,1027,
896,928,929,930,960,961,962,963,964,994,995,996,1028,
897,929,930,931,961,962,963,964,965,995,996,997,1029,
898,930,931,932,962,963,964,965,966,996,997,998,1030,
899,931,932,933,963,964,965,966,967,997,998,999,1031,
900,932,933,934,964,965,966,967,968,998,999,1000,1032,
901,933,934,935,965,966,967,968,969,999,1000,1001,1033,
902,934,935,936,966,967,968,969,970,1000,1001,1002,1034,
903,935,936,937,967,968,969,970,971,1001,1002,1003,1035,
904,936,937,938,968,969,970,971,972,1002,1003,1004,1036,
905,937,938,939,969,970,971,972,973,1003,1004,1005,1037,
906,938,939,940,970,971,972,973,974,1004,1005,1006,1038,
907,939,940,941,971,972,973,974,975,1005,1006,1007,1039,
908,940,941,942,972,973,974,975,976,1006,1007,1008,1040,
909,941,942,943,973,974,975,976,977,1007,1008,1009,1041,
910,942,943,944,974,975,976,977,978,1008,1009,1010,1042,
911,943,944,945,975,976,977,978,979,1009,1010,1011,1043,
912,944,945,946,976,977,978,979,980,1010,1011,1012,1044,
913,945,946,947,977,978,979,980,981,1011,1012,1013,1045,
914,946,947,948,978,979,980,981,982,1012,1013,1014,1046,
915,947,948,949,979,980,981,982,983,1013,1014,1015,1047,
916,948,949,950,980,981,982,983,984,1014,1015,1016,1048,
917,949,950,951,981,982,983,984,985,1015,1016,1017,1049,
918,950,951,952,982,983,984,985,986,1016,1017,1018,1050,
919,951,952,953,983,984,985,986,987,1017,1018,1019,1051,
920,952,953,954,984,985,986,987,988,1018,1019,1020,1052,
921,953,954,955,985,986,987,988,989,1019,1020,1021,1053,
922,954,955,956,986,987,988,989,1020,1021,1022,1054,
923,955,956,987,988,989,1021,1022,1055,
924,957,958,990,991,992,1023,1024,
925,957,958,959,990,991,992,993,1023,1024,1025,
926,958,959,960,990,991,992,993,994,1024,1025,1026,
927,959,960,961,991,992,993,994,995,1025,1026,1027,
928,960,961,962,992,993,994,995,996,1026,1027,1028,
929,961,962,963,993,994,995,996,997,1027,1028,1029,
930,962,963,964,994,995,996,997,998,1028,1029,1030,
931,963,964,965,995,996,997,998,999,1029,1030,1031,
932,964,965,966,996,997,998,999,1000,1030,1031,1032,
933,965,966,967,997,998,999,1000,1001,1031,1032,1033,
934,966,967,968,998,999,1000,1001,1002,1032,1033,1034,
935,967,968,969,999,1000,1001,1002,1003,1033,1034,1035,
936,968,969,970,1000,1001,1002,1003,1004,1034,1035,1036,
937,969,970,971,1001,1002,1003,1004,1005,1035,1036,1037,
938,970,971,972,1002,1003,1004,1005,1006,1036,1037,1038,
939,971,972,973,1003,1004,1005,1006,1007,1037,1038,1039,
940,972,973,974,1004,1005,1006,1007,1008,1038,1039,1040,
941,973,974,975,1005,1006,1007,1008,1009,1039,1040,1041,
942,974,975,976,1006,1007,1008,1009,1010,1040,1041,1042,
943,975,976,977,1007,1008,1009,1010,1011,1041,1042,1043,
944,976,977,978,1008,1009,1010,1011,1012,1042,1043,1044,
945,977,978,979,1009,1010,1011,1012,1013,1043,1044,1045,
946,978,979,980,1010,1011,1012,1013,1014,1044,1045,1046,
947,979,980,981,1011,1012,1013,1014,1015,1045,1046,1047,
948,980,981,982,1012,1013,1014,1015,1016,1046,1047,1048,
949,981,982,983,1013,1014,1015,1016,1017,1047,1048,1049,
950,982,983,984,1014,1015,1016,1017,1018,1048,1049,1050,
951,983,984,985,1015,1016,1017,1018,1019,1049,1050,1051,
952,984,985,986,1016,1017,1018,1019,1020,1050,1051,1052,
953,985,986,987,1017,1018,1019,1020,1021,1051,1052,1053,
954,986,987,988,1018,1019,1020,1021,1022,1052,1053,1054,
955,987,988,989,1019,1020,1021,1022,1053,1054,1055,
956,988,989,1020,1021,1022,1054,1055,
957,990,991,1023,1024,1025,
958,990,991,992,1023,1024,1025,1026,
959,991,992,993,1023,1024,1025,1026,1027,
960,992,993,994,1024,1025,1026,1027,1028,
961,993,994,995,1025,1026,1027,1028,1029,
962,994,995,996,1026,1027,1028,1029,1030,
963,995,996,997,1027,1028,1029,1030,1031,
964,996,997,998,1028,1029,1030,1031,1032,
965,997,998,999,1029,1030,1031,1032,1033,
966,998,999,1000,1030,1031,1032,1033,1034,
967,999,1000,1001,1031,1032,1033,1034,1035,
968,1000,1001,1002,1032,1033,1034,1035,1036,
969,1001,1002,1003,1033,1034,1035,1036,1037,
970,1002,1003,1004,1034,1035,1036,1037,1038,
971,1003,1004,1005,1035,1036,1037,1038,1039,
972,1004,1005,1006,1036,1037,1038,1039,1040,
973,1005,1006,1007,1037,1038,1039,1040,1041,
974,1006,1007,1008,1038,1039,1040,1041,1042,
975,1007,1008,1009,1039,1040,1041,1042,1043,
976,1008,1009,1010,1040,1041,1042,1043,1044,
977,1009,1010,1011,1041,1042,1043,1044,1045,
978,1010,1011,1012,1042,1043,1044,1045,1046,
979,1011,1012,1013,1043,1044,1045,1046,1047,
980,1012,1013,1014,1044,1045,1046,1047,1048,
981,1013,1014,1015,1045,1046,1047,1048,1049,
982,1014,1015,1016,1046,1047,1048,1049,1050,
983,1015,1016,1017,1047,1048,1049,1050,1051,
984,1016,1017,1018,1048,1049,1050,1051,1052,
985,1017,1018,1019,1049,1050,1051,1052,1053,
986,1018,1019,1020,1050,1051,1052,1053,1054,
987,1019,1020,1021,1051,1052,1053,1054,1055,
988,1020,1021,1022,1052,1053,1054,1055,
989,1021,1022,1053,1054,1055,
