0,1302,
0,1344,
0,1386,
0,1428,
0,1470,
0,1512,
0,1554,
0,1596,
0,1638,
0,1680,
0,1722,
0,1764,
0,1806,
0,1848,
0,1890,
0,1932,
0,1974,
0,2016,
0,2058,
0,2100,
0,2142,
0,2184,
0,2226,
0,2268,
0,2310,
0,2352,
0,2394,
0,2436,
0,2478,
0,2520,
0,2562,
0,2604,
0,2646,
42,1302,
42,1344,
42,1386,
42,1428,
42,1470,
42,1512,
42,1554,
42,1596,
42,1638,
42,1680,
42,1722,
42,1764,
42,1806,
42,1848,
42,1890,
42,1932,
42,1974,
42,2016,
42,2058,
42,2100,
42,2142,
42,2184,
42,2226,
42,2268,
42,2310,
42,2352,
42,2394,
42,2436,
42,2478,
42,2520,
42,2562,
42,2604,
42,2646,
84,1302,
84,1344,
84,1386,
84,1428,
84,1470,
84,1512,
84,1554,
84,1596,
84,1638,
84,1680,
84,1722,
84,1764,
84,1806,
84,1848,
84,1890,
84,1932,
84,1974,
84,2016,
84,2058,
84,2100,
84,2142,
84,2184,
84,2226,
84,2268,
84,2310,
84,2352,
84,2394,
84,2436,
84,2478,
84,2520,
84,2562,
84,2604,
84,2646,
126,1302,
126,1344,
126,1386,
126,1428,
126,1470,
126,1512,
126,1554,
126,1596,
126,1638,
126,1680,
126,1722,
126,1764,
126,1806,
126,1848,
126,1890,
126,1932,
126,1974,
126,2016,
126,2058,
126,2100,
126,2142,
126,2184,
126,2226,
126,2268,
126,2310,
126,2352,
126,2394,
126,2436,
126,2478,
126,2520,
126,2562,
126,2604,
126,2646,
168,1302,
168,1344,
168,1386,
168,1428,
168,1470,
168,1512,
168,1554,
168,1596,
168,1638,
168,1680,
168,1722,
168,1764,
168,1806,
168,1848,
168,1890,
168,1932,
168,1974,
168,2016,
168,2058,
168,2100,
168,2142,
168,2184,
168,2226,
168,2268,
168,2310,
168,2352,
168,2394,
168,2436,
168,2478,
168,2520,
168,2562,
168,2604,
168,2646,
210,1302,
210,1344,
210,1386,
210,1428,
210,1470,
210,1512,
210,1554,
210,1596,
210,1638,
210,1680,
210,1722,
210,1764,
210,1806,
210,1848,
210,1890,
210,1932,
210,1974,
210,2016,
210,2058,
210,2100,
210,2142,
210,2184,
210,2226,
210,2268,
210,2310,
210,2352,
210,2394,
210,2436,
210,2478,
210,2520,
210,2562,
210,2604,
210,2646,
252,1302,
252,1344,
252,1386,
252,1428,
252,1470,
252,1512,
252,1554,
252,1596,
252,1638,
252,1680,
252,1722,
252,1764,
252,1806,
252,1848,
252,1890,
252,1932,
252,1974,
252,2016,
252,2058,
252,2100,
252,2142,
252,2184,
252,2226,
252,2268,
252,2310,
252,2352,
252,2394,
252,2436,
252,2478,
252,2520,
252,2562,
252,2604,
252,2646,
294,1302,
294,1344,
294,1386,
294,1428,
294,1470,
294,1512,
294,1554,
294,1596,
294,1638,
294,1680,
294,1722,
294,1764,
294,1806,
294,1848,
294,1890,
294,1932,
294,1974,
294,2016,
294,2058,
294,2100,
294,2142,
294,2184,
294,2226,
294,2268,
294,2310,
294,2352,
294,2394,
294,2436,
294,2478,
294,2520,
294,2562,
294,2604,
294,2646,
336,1302,
336,1344,
336,1386,
336,1428,
336,1470,
336,1512,
336,1554,
336,1596,
336,1638,
336,1680,
336,1722,
336,1764,
336,1806,
336,1848,
336,1890,
336,1932,
336,1974,
336,2016,
336,2058,
336,2100,
336,2142,
336,2184,
336,2226,
336,2268,
336,2310,
336,2352,
336,2394,
336,2436,
336,2478,
336,2520,
336,2562,
336,2604,
336,2646,
378,1302,
378,1344,
378,1386,
378,1428,
378,1470,
378,1512,
378,1554,
378,1596,
378,1638,
378,1680,
378,1722,
378,1764,
378,1806,
378,1848,
378,1890,
378,1932,
378,1974,
378,2016,
378,2058,
378,2100,
378,2142,
378,2184,
378,2226,
378,2268,
378,2310,
378,2352,
378,2394,
378,2436,
378,2478,
378,2520,
378,2562,
378,2604,
378,2646,
420,1302,
420,1344,
420,1386,
420,1428,
420,1470,
420,1512,
420,1554,
420,1596,
420,1638,
420,1680,
420,1722,
420,1764,
420,1806,
420,1848,
420,1890,
420,1932,
420,1974,
420,2016,
420,2058,
420,2100,
420,2142,
420,2184,
420,2226,
420,2268,
420,2310,
420,2352,
420,2394,
420,2436,
420,2478,
420,2520,
420,2562,
420,2604,
420,2646,
462,1302,
462,1344,
462,1386,
462,1428,
462,1470,
462,1512,
462,1554,
462,1596,
462,1638,
462,1680,
462,1722,
462,1764,
462,1806,
462,1848,
462,1890,
462,1932,
462,1974,
462,2016,
462,2058,
462,2100,
462,2142,
462,2184,
462,2226,
462,2268,
462,2310,
462,2352,
462,2394,
462,2436,
462,2478,
462,2520,
462,2562,
462,2604,
462,2646,
504,1302,
504,1344,
504,1386,
504,1428,
504,1470,
504,1512,
504,1554,
504,1596,
504,1638,
504,1680,
504,1722,
504,1764,
504,1806,
504,1848,
504,1890,
504,1932,
504,1974,
504,2016,
504,2058,
504,2100,
504,2142,
504,2184,
504,2226,
504,2268,
504,2310,
504,2352,
504,2394,
504,2436,
504,2478,
504,2520,
504,2562,
504,2604,
504,2646,
546,1302,
546,1344,
546,1386,
546,1428,
546,1470,
546,1512,
546,1554,
546,1596,
546,1638,
546,1680,
546,1722,
546,1764,
546,1806,
546,1848,
546,1890,
546,1932,
546,1974,
546,2016,
546,2058,
546,2100,
546,2142,
546,2184,
546,2226,
546,2268,
546,2310,
546,2352,
546,2394,
546,2436,
546,2478,
546,2520,
546,2562,
546,2604,
546,2646,
588,1302,
588,1344,
588,1386,
588,1428,
588,1470,
588,1512,
588,1554,
588,1596,
588,1638,
588,1680,
588,1722,
588,1764,
588,1806,
588,1848,
588,1890,
588,1932,
588,1974,
588,2016,
588,2058,
588,2100,
588,2142,
588,2184,
588,2226,
588,2268,
588,2310,
588,2352,
588,2394,
588,2436,
588,2478,
588,2520,
588,2562,
588,2604,
588,2646,
630,1302,
630,1344,
630,1386,
630,1428,
630,1470,
630,1512,
630,1554,
630,1596,
630,1638,
630,1680,
630,1722,
630,1764,
630,1806,
630,1848,
630,1890,
630,1932,
630,1974,
630,2016,
630,2058,
630,2100,
630,2142,
630,2184,
630,2226,
630,2268,
630,2310,
630,2352,
630,2394,
630,2436,
630,2478,
630,2520,
630,2562,
630,2604,
630,2646,
672,1302,
672,1344,
672,1386,
672,1428,
672,1470,
672,1512,
672,1554,
672,1596,
672,1638,
672,1680,
672,1722,
672,1764,
672,1806,
672,1848,
672,1890,
672,1932,
672,1974,
672,2016,
672,2058,
672,2100,
672,2142,
672,2184,
672,2226,
672,2268,
672,2310,
672,2352,
672,2394,
672,2436,
672,2478,
672,2520,
672,2562,
672,2604,
672,2646,
714,1302,
714,1344,
714,1386,
714,1428,
714,1470,
714,1512,
714,1554,
714,1596,
714,1638,
714,1680,
714,1722,
714,1764,
714,1806,
714,1848,
714,1890,
714,1932,
714,1974,
714,2016,
714,2058,
714,2100,
714,2142,
714,2184,
714,2226,
714,2268,
714,2310,
714,2352,
714,2394,
714,2436,
714,2478,
714,2520,
714,2562,
714,2604,
714,2646,
756,1302,
756,1344,
756,1386,
756,1428,
756,1470,
756,1512,
756,1554,
756,1596,
756,1638,
756,1680,
756,1722,
756,1764,
756,1806,
756,1848,
756,1890,
756,1932,
756,1974,
756,2016,
756,2058,
756,2100,
756,2142,
756,2184,
756,2226,
756,2268,
756,2310,
756,2352,
756,2394,
756,2436,
756,2478,
756,2520,
756,2562,
756,2604,
756,2646,
798,1302,
798,1344,
798,1386,
798,1428,
798,1470,
798,1512,
798,1554,
798,1596,
798,1638,
798,1680,
798,1722,
798,1764,
798,1806,
798,1848,
798,1890,
798,1932,
798,1974,
798,2016,
798,2058,
798,2100,
798,2142,
798,2184,
798,2226,
798,2268,
798,2310,
798,2352,
798,2394,
798,2436,
798,2478,
798,2520,
798,2562,
798,2604,
798,2646,
840,1302,
840,1344,
840,1386,
840,1428,
840,1470,
840,1512,
840,1554,
840,1596,
840,1638,
840,1680,
840,1722,
840,1764,
840,1806,
840,1848,
840,1890,
840,1932,
840,1974,
840,2016,
840,2058,
840,2100,
840,2142,
840,2184,
840,2226,
840,2268,
840,2310,
840,2352,
840,2394,
840,2436,
840,2478,
840,2520,
840,2562,
840,2604,
840,2646,
882,1302,
882,1344,
882,1386,
882,1428,
882,1470,
882,1512,
882,1554,
882,1596,
882,1638,
882,1680,
882,1722,
882,1764,
882,1806,
882,1848,
882,1890,
882,1932,
882,1974,
882,2016,
882,2058,
882,2100,
882,2142,
882,2184,
882,2226,
882,2268,
882,2310,
882,2352,
882,2394,
882,2436,
882,2478,
882,2520,
882,2562,
882,2604,
882,2646,
924,1302,
924,1344,
924,1386,
924,1428,
924,1470,
924,1512,
924,1554,
924,1596,
924,1638,
924,1680,
924,1722,
924,1764,
924,1806,
924,1848,
924,1890,
924,1932,
924,1974,
924,2016,
924,2058,
924,2100,
924,2142,
924,2184,
924,2226,
924,2268,
924,2310,
924,2352,
924,2394,
924,2436,
924,2478,
924,2520,
924,2562,
924,2604,
924,2646,
966,1302,
966,1344,
966,1386,
966,1428,
966,1470,
966,1512,
966,1554,
966,1596,
966,1638,
966,1680,
966,1722,
966,1764,
966,1806,
966,1848,
966,1890,
966,1932,
966,1974,
966,2016,
966,2058,
966,2100,
966,2142,
966,2184,
966,2226,
966,2268,
966,2310,
966,2352,
966,2394,
966,2436,
966,2478,
966,2520,
966,2562,
966,2604,
966,2646,
1008,1302,
1008,1344,
1008,1386,
1008,1428,
1008,1470,
1008,1512,
1008,1554,
1008,1596,
1008,1638,
1008,1680,
1008,1722,
1008,1764,
1008,1806,
1008,1848,
1008,1890,
1008,1932,
1008,1974,
1008,2016,
1008,2058,
1008,2100,
1008,2142,
1008,2184,
1008,2226,
1008,2268,
1008,2310,
1008,2352,
1008,2394,
1008,2436,
1008,2478,
1008,2520,
1008,2562,
1008,2604,
1008,2646,
1050,1302,
1050,1344,
1050,1386,
1050,1428,
1050,1470,
1050,1512,
1050,1554,
1050,1596,
1050,1638,
1050,1680,
1050,1722,
1050,1764,
1050,1806,
1050,1848,
1050,1890,
1050,1932,
1050,1974,
1050,2016,
1050,2058,
1050,2100,
1050,2142,
1050,2184,
1050,2226,
1050,2268,
1050,2310,
1050,2352,
1050,2394,
1050,2436,
1050,2478,
1050,2520,
1050,2562,
1050,2604,
1050,2646,
1092,1302,
1092,1344,
1092,1386,
1092,1428,
1092,1470,
1092,1512,
1092,1554,
1092,1596,
1092,1638,
1092,1680,
1092,1722,
1092,1764,
1092,1806,
1092,1848,
1092,1890,
1092,1932,
1092,1974,
1092,2016,
1092,2058,
1092,2100,
1092,2142,
1092,2184,
1092,2226,
1092,2268,
1092,2310,
1092,2352,
1092,2394,
1092,2436,
1092,2478,
1092,2520,
1092,2562,
1092,2604,
1092,2646,
1134,1302,
1134,1344,
1134,1386,
1134,1428,
1134,1470,
1134,1512,
1134,1554,
1134,1596,
1134,1638,
1134,1680,
1134,1722,
1134,1764,
1134,1806,
1134,1848,
1134,1890,
1134,1932,
1134,1974,
1134,2016,
1134,2058,
1134,2100,
1134,2142,
1134,2184,
1134,2226,
1134,2268,
1134,2310,
1134,2352,
1134,2394,
1134,2436,
1134,2478,
1134,2520,
1134,2562,
1134,2604,
1134,2646,
1176,1302,
1176,1344,
1176,1386,
1176,1428,
1176,1470,
1176,1512,
1176,1554,
1176,1596,
1176,1638,
1176,1680,
1176,1722,
1176,1764,
1176,1806,
1176,1848,
1176,1890,
1176,1932,
1176,1974,
1176,2016,
1176,2058,
1176,2100,
1176,2142,
1176,2184,
1176,2226,
1176,2268,
1176,2310,
1176,2352,
1176,2394,
1176,2436,
1176,2478,
1176,2520,
1176,2562,
1176,2604,
1176,2646,
1218,1302,
1218,1344,
1218,1386,
1218,1428,
1218,1470,
1218,1512,
1218,1554,
1218,1596,
1218,1638,
1218,1680,
1218,1722,
1218,1764,
1218,1806,
1218,1848,
1218,1890,
1218,1932,
1218,1974,
1218,2016,
1218,2058,
1218,2100,
1218,2142,
1218,2184,
1218,2226,
1218,2268,
1218,2310,
1218,2352,
1218,2394,
1218,2436,
1218,2478,
1218,2520,
1218,2562,
1218,2604,
1218,2646,
1260,1302,
1260,1344,
1260,1386,
1260,1428,
1260,1470,
1260,1512,
1260,1554,
1260,1596,
1260,1638,
1260,1680,
1260,1722,
1260,1764,
1260,1806,
1260,1848,
1260,1890,
1260,1932,
1260,1974,
1260,2016,
1260,2058,
1260,2100,
1260,2142,
1260,2184,
1260,2226,
1260,2268,
1260,2310,
1260,2352,
1260,2394,
1260,2436,
1260,2478,
1260,2520,
1260,2562,
1260,2604,
1260,2646,
1302,1302,
1302,1344,
1302,1386,
1302,1428,
1302,1470,
1302,1512,
1302,1554,
1302,1596,
1302,1638,
1302,1680,
1302,1722,
1302,1764,
1302,1806,
1302,1848,
1302,1890,
1302,1932,
1302,1974,
1302,2016,
1302,2058,
1302,2100,
1302,2142,
1302,2184,
1302,2226,
1302,2268,
1302,2310,
1302,2352,
1302,2394,
1302,2436,
1302,2478,
1302,2520,
1302,2562,
1302,2604,
1302,2646,
